Wallet,RB001,RB002,Total Held
SZS55FKNGERPTHGHPC3OP6EDVA5LCI5KOP7J2CKAYXGMCXBWV4TUPDLQIA,10,25,35
WLLIQOKG4CYVJBKQUFB7JJQQ2HWBHGC7YPWQA7AEBXEMYBMNUV6UB4OYDE,10,25,35
Y44JLSKZSRJ5AK4HDIEBHMHGFIJIANA26AQLWBTFQDCBS2FB5UXPKUSVPQ,10,20,30
2RGEWV25XDP5SGXJTTPRYSW3EYZQXLHMRJKXUIHKTETQGKU62JM7T565IE,11,18,29
ETDM7KE3YDXSYP6CDBNQQQASKVOZS6OMGDWEKDE6BSIZYS2EY2IKBJXRNM,10,16,26
63HCGC5SA46VDT2MBSDXC7PXCRJ2R6CBBZIWCSUCLW5BSWABLRPKP3AUXI,10,16,26
S5OTQ7LTP4TLC6E64ELZVPG2BRJWNXEA7CBIZ45NY7HF44A325WD5LSFRE,10,16,26
CJGIM4NCQATIWMLPWOL77ZXGIEPO5UC524L3WXHGU6RJI63LCQBDHUQT2Q,11,15,26
ILCAM2MSVDZHW7IAOJ6T66LOP27SQJRJYM74HISNFFGM3QQKCNCHJL3HD4,1,25,26
7SHGYJDQZWXWE3JF45TJGEXM2RDIE2OLBPYAXVF2XVJV52D55HI4N7UQPY,0,26,26
26IU4YYQCLZNHSC2S7ENV7BIQCPATMDO5YL6UR5YBAHAGGKC35S2FFMX3E,0,26,26
2QT637QMITBZCBUFWQDUXMCCE3TQUPW6FZGZEOH3UUCFU3VXPPVT2UBHOE,11,14,25
VQOWLAMWCKA62W6HF25U5TOCATKEQJVSF73FAH4ENELO2ZSEO2P5P4S2TM,10,15,25
PGQ64LY3REOHWFJFHKY6OFD5MJ6SF6QHQKG25XJUBHKAJIJKCFUQLQKMU4,10,15,25
3SICBKR74JXLCP7NZYTSPCM6WZRUESORNRDDMH3GFEQBKEW7ECZAKWIJJ4,10,15,25
5SGWLELB5WBTQYDTLUDSOTO5V77VVQ764FBQMZX636HPSNSW35FGL2FDIA,2,23,25
6DSZMTCEMZ4VJAX5AE5FCLKLNDDBNBPUYQLLEYM5KJMB67NLN4XQUNNLPU,10,15,25
YEXPMKRK6UBGY4BQ7LQGEOPQX7NXSE3HCMU5RSYK5BD2ZXZ4SA4ILT6SOE,5,20,25
SNDYPGFU252GASVKHKH6T6TAQMJDNPE3JZ7ED67ZHJ4RFBCYXBQI7NRDXA,0,25,25
TOKC5TYRQB4E6M6YFEWG2K2DZL4P3Z4L7FJMYSZ63YLN6OJUMLNODCI4WU,10,10,20
AEAHELNRYGEGGMYJYCFWL3Y5MJPQIXWBNK6KJGIEZO5F5CUIIQEI33ZZ7M,10,10,20
SMDK4EVPQ37EVMSYIS2TIIVV2B2K3MWFARK7NLSUJ73QA6QJGKDVD2LD7Y,0,20,20
WGGI7WTD445BXMD32MUA7DWY6AOFXLRHJQMSTTV65MK3WJZGRRM6MY7KDU,10,7,17
YGK6SWG6GBFPPFZMS6Q4E46ZOYRCZLJCQWMGA6WKJDPXJOD74ORHBR2RJQ,10,5,15
64YVCCLY6MSWRPO4G64EFO56HKC2DDB6NDKNKORWH3DB6TBTEGSA75GRIQ,9,4,13
MUHSWEKB2E5YNKJJ7ZB7OXLV7G7H5ZACU6PAREWJIE77M36MIQHSKOCSPY,11,1,12
JUXBAF5QFV44SIGAUR23JVVVMOQL43LDBPB7BGE2QT3SP2ULUGFYUPJSXE,10,1,11
4KBFKJQPR6CDGDWXU527METORM73NITXBPQOASKHMHSRQVNMUBNX52XTFQ,2,9,11
NQQT6W7GNOZQWJXLFMSFHVA2OZY3455GKKZR25UJ7JRMEFPFDQ7G5J4WQ4,10,1,11
YAHDPGX4VAPKZJEX7HDUMZNFBKCUZ4YDCWLSPGLD7GPP63P7O7WW5A6AMQ,1,10,11
ZOXYAFHOA4RLM5PVET5YHYNG33KE2SKKX7AEGNCJFE5TR25K4CFTULCUA4,9,1,10
KLUSNGKSW3D6VHZNCTEOZWHP2ATOXXDZRI4YTQTM3NLBWILSR5MUJGLP4Y,4,6,10
VUTFYW45UEQHFPVGQGCNDWZ5AO2OZ5EIMNXNRYO3QRGJH6LTHDNRASLJEY,10,0,10
Q6BL6C634L7QAYJJCK7XZITYVEZ6TPEIYNCZSRXVRHMMEHLVF4E26JGJMQ,5,5,10
MULILZCPNVCE3DZHTIWY4B2SDY2H3U2QN6KWZFFSS6JSFU6FWZFSXO3BBM,1,9,10
3RVMW6IQDIF37M7QLCOXL6D7PICOLEYXYDGDODEK7ERLIAXYH6ICYBQF54,10,0,10
2LAVVRBI6WKDNDN2XCXABHLASKYTMICAO3AGTBPDONUFDTV6CQ263GSZPA,10,0,10
4Y3MQYV3AMSD2A5BLXBP5RBW5VGPEFG4DPLSTTZMFCLPMQZWLON2BJS4WA,10,0,10
C7YVQX5W2VLEPEI723PG4HPUDMUCHUI2SGTFNWID43K3BEK53GLPPOHJMA,10,0,10
L2FCLZNMKXPSPH62MX5QIZUS56ZB7UFKNBCVN2JB2PBVJBZ5TZDCNSVOW4,8,2,10
URJQZSFLNVV5AOETQRMAUEFGZ6BBQVB3GUY2OZ4QTMIQ7Y2XPKBKQV6H44,0,10,10
YGWCIOGK3FAVNKD7OJLTMEGWH7KCW4ILBCGZHI6SZQSLNLKYBGYDBESAMU,0,10,10
QNM4AI2LAA3W2J2OLTC4FI7ZS6Q436BHWG2HY7D2UJS2MAPC4CIJBGDMOM,0,10,10
2J4GULZCSJKYCO5SGOFNMU3RLHKUK32QRHCAOB7KS5GXKGMPXAHJQHVP2I,0,10,10
EXKRQL3KBOO7T5TZSVNY4NN4LED4FFC76CTXCCWUC45KSMHWVJGEWW5KTM,0,10,10
7WIBD7LMWHKK4E4TQ2KVKEJN3OTOMMISCWWKQ7PDMVOTRMUQDETICJ6RLI,9,0,9
ZSABPKZJ6G26AWM3G4BROLGYYKSDGHMSF5BYD3Z4NIXDYL4TM42ACNN3BM,9,0,9
RSJSVIOVE3VGITZDRTON7FF2BK2RBSMLZAMZB33GSKMOANT5NL7L64VBPA,9,0,9
SPJKMZRP4LGYMN6DMFL7VVJ3MEJDQNPIMMEMAFRWW2KPFMWKVU5AHEEWFI,2,7,9
VBZDMVXEJG4XAAWKVVVWMIUXRSR2J5SIX6KWEYKJ4AXLVABLPO2KTZ7LZE,6,2,8
LHQKNWDQGOAJL7FNY2WTH4AXQYXQFC6AZWCBACE5R35YK2CJUL2L72E3OQ,3,5,8
T74QS24GXMJR2LWACG4SF3JC735R35OQFOPP7EVJFQ756RSV2W6RPQIKOE,1,7,8
PRVUC62U2CTTOLOKCE6ZUQIZJTYLT5VP6VMJNGQHYZ2MLFYVSHPF3YD4ZE,5,0,5
7N4UJNOKIHZZLD7BC6W625N56TUMEXJB26C4F4FYYGLYWS5F552LSLNQDE,5,0,5
CVEHM7VDW2TTTU7VGVD4HYPOQZNTNAVNGUCE3ABMABUXYW25K2HDQFGBAE,0,5,5
N5AAXGHSFD427UQLPYTQWTHJK5EJ42FHE6NBYEWK3YEAQIQNI75FZCXBZI,0,5,5
VFEIT4CW2DW7EHGFUTCQ3DIOIBOV2ZEN2KOV7BZC4ZSXBIZ4NMHTPPKYMI,0,5,5
AR7TJWQCEL4STAV5AJ2NQHKE2WBDD4HFHF27MRH6EVC4ELFTG3GK54GVP4,4,0,4
BROH7QJMK4UFYDRVKG2DA7MEDC3CHPG7XNDBOVIZGXK657WXJBRRBDLDI4,4,0,4
CKS4ILPNBHFO2AMH6FLGHZNZ5T46GP7JTHWAQXRVEGT2FRMID75NBWIXZ4,4,0,4
7FQBLA7I45KS7P3QKNP6DRDSAEQA4N4TTJWV6GGJANJGYOXOX4H5BI75FY,2,2,4
ZYB5LJXYDNTINBDE3ZF3ZYLAQLWYP3RYBW4FMQA6XDLY7O5FSVCFDS6WOA,0,4,4
HRQZO3D2LYE72BCJCDJI4LVSB3GSEEEA4L4JSGMBA4I7DAQQNRWAQ7QLNM,0,4,4
C2JMBBPLIRWE5MNFMATVQHRR7EEPHMPPNHL4T2LVP5XTOORLRYBNSQV4AI,2,1,3
4IRSDIDJQODQF4HPIXGDWIHSO46FWZGACMNBOQO2OCUKH5TUK65NCVWOII,3,0,3
CUB6FFX6LPYCIN7J3JMBO7F4FJXD3TNG2RKUSBL5FOFQDYPQLUWO3TKRXY,3,0,3
TIH3XPDTKZHSIOSNYIPIKGHZSISQXGXEJCSR5PS2WM4QV2SLC5RNMHGRPE,1,2,3
KTAFOYDUHHFRM5O76K7IXYG6SMO2Q3BDH2KUI2X3WJSRS2EI2SSJTGEW3U,0,3,3
KQSKMHNRDY5BUHPJDYI4CJ7ZUOEMILYASOVDDZ4RNNKLTEIKVLAWX2TDUE,0,3,3
XYTMNWEYBGUFK35K2DRQE3JHE7Q3M24J6NZFMEHPG4ONVW6A4HZHT56WB4,2,0,2
GONICKHC5LIUT4F7BZ7ZB3H4JXRPFZJAIUI4HQQHLHYB3KXOEGP6ODO77A,2,0,2
GLLORY6ET4F4TAUW3MZGQED6FMF5BE4JXAIJAL2XEEOIQVI5K4RJPFOPXE,2,0,2
NFTSQQMQ5YYRP2FD7A53QJ4JJBI2C3HRMDF2RTESHODI27XGT7X2XCEQPU,1,1,2
HACXFMVILU2RANWTWHSWTR52HCY7IEIRGPFKYSDGPWXTGYPKZRMBC72RNM,2,0,2
3MA3XVKL42FXW6UV6PSZYNLJIAGIFQMDOU3DFPVWFY66ES5P4MU2SFMTM4,2,0,2
RQ5BJNX7X6ZV54EMM2QQZ2I4F2IIZN7FNXVJYZSPAHEUJ6YLGG2M674PIE,2,0,2
WJDMQ4LGNAI4ZDOB7FVPWQEGPXDYIHD6YLRFK2B3COSR2AI2VUC6PFBWDE,1,1,2
RBD3FFLWXWNQBCW653GX45IBCAYCRFL537IQ3VILSA5KZCPFOCKX5CKNSY,1,1,2
X3UTDFPXN6EGFWU4DIL5G3SFCY7OYJEGINTQFYS7V4XLFZLCSVA5GFZKGM,2,0,2
YUBMLP2FCC2WQB65TRHJVHV3CQ245BKIGH2E6NKFAGRSES7O3MNA6526UE,0,2,2
TWB2YXI5NNLQJEMTZPZGBJTU3ZTENEI7IXGQMZMK5GUW3YNT2QW7G3MY4A,0,2,2
GTYPAQWMPPNAATXVZHQOROVGGZKUESGCZCDMTOXHRPGXK7Z4ZJWXRJTIP4,0,2,2
V6RVPA23SMLDCYV3E7RDUFHDBGFEEPUIDSL3V3SWXYMHPCNWU3YPKQY6LY,0,2,2
ZGAGJTKOT3MZZP5YSUNOWOGR2BP3OWKLBTN7T4U7LI7UWJM3FTUV7VXZII,0,2,2
LJE4V4P2UT6E3QNVBZVSRE6RTQ2U7NQ73RWMVEV54IMCJ5BTVKZICQVHLI,0,2,2
DOYJZQWWEME5JL4E6T533KFAWUHB2OWT5IGC5C6SZD43SNTOJVZCZPIXRU,0,2,2
IGUCD47RCHI5SIEJBVZKW67YW34XI4WS3EWZ7YGIUJPQGDDVSSZ7HR6QOA,1,0,1
TBBKOQZ7XTXHZYWVYHKXPFAVXMAMXYUBGE7IC3KYKL6C6BB72RCA7HCAAU,1,0,1
XHC6TESG74FS7C36ZADL5JMKSWGTDSYPPENOL7Z3MVCE3UL5SN7TSXDAHQ,1,0,1
N4XV3R743YVSSBPFBW4CVDN326SNYUCVVAXDQCBD5DRKRJQEKVDQYVRQVY,1,0,1
2J7CB44FIMXTRF5MSZ4RAHHBCNJX7PA2KF5L25CKOKWTEDLUDP4XBOZCAA,1,0,1
PXDGDL2OOVCKSW74W7SE7RQGIS6F5GSKOC76RP6EX4IBU4SHJPOPGS5H3M,1,0,1
LEFXXDUMCK7I2ZEQZY7KMIN3PZNDRVOSHBF7HDY7HLMHVSS7WWDRCY2LTY,1,0,1
PZILI6MHY6ICGWQ3EHERYV3WQHFSHXKMQHWLR4RMYMWDKVZTGSX2EQO56U,1,0,1
6CFIM6E7N3H2PC2TUJ26GXOEDRUCBEPLQBAA6FYTZL3C3G72E3VEPZ3Y24,1,0,1
QMUOVXW6DYBMWMPOG4YQR7GRCIE4RFNBRCX5XOBKXZD2Q3GDS677KLZURQ,1,0,1
7Q5N5MULWXNPXFID4JUCBNGD7FCRBKB6B6IGS6ZRDZP5K66RSWGELHQL5Q,1,0,1
6NGKN47HPT6JSNRGJALKC4HGASQEGSMRTMZ3VMRKI3P7YYKQYGM3WJZR3A,1,0,1
2XT7VDDHCMBWSAU6DPKJZWY4PPRVB3JF4EFAJYXUOENG3LWEHUWRRH3C6U,1,0,1
ZZSF65WATL7D4KQEKXPN5KSVGAM7RQTB4QTTXBZ7ZK24N77Q6MDEAKHYO4,1,0,1
NMWQ2A3RKYZCBUAJ6TL66674YFKGUTGD55XNALFEABKELUOCYKXGQ7NXJI,1,0,1
SMYOKWNROZ6FP3AZPMHV6T3MXKQTMTW2JGHPGKFZDELIMZKEX3NGJZR2BE,1,0,1
3QNZP5SYMTVOWI46SITYDJAT5M4GP5ILEF7HWXGGYWP6H5ESZYSNKB6HOI,1,0,1
ESY57GTQGEE3K7VFQ5JWLL66W52W5GX3IFSN4QAMTXHRKGX5IYCVVUQCJM,1,0,1
3O3OEMEVGLY5MQFOS2FUXQQJQ4RJ27MBBFAJREHGMUSNZHILWVWWXIMICA,1,0,1
4E4SYTDWURT32ZZVSE3HS52UICUCVG6KGKZYDO4LIBQIV3IBWK6T424NWY,1,0,1
O3BARJD366CETQXLARW6OHS3UCGRGKHOVYTQGHSYIFYTLKB5SJELST67T4,1,0,1
VSY5MAVB7OBCIV335FJ7HQXFMIB6BHNVX2EAM7Q6T5ULEYEUUWPSY63NUQ,1,0,1
NS5SKNQBNC4WHB2GXOSXM5FIDYQRKN5CNWF3JQYVZWRXWOUHCY6N43VAME,1,0,1
5JEE6YJ4KJSOCQRDJONRYFKRDPIHOKCCWN2PVNNYZTKEZVEHK4FCTA7SYU,1,0,1
ZR6KGISAT4DKV3VRHBVZYH3PXXNC7QDDJXLHPD3AHQUPKKVLGZPUF3BOFM,1,0,1
FKHR4TQWT46JXS2HEVYHHUDS62PPBN5KHNYJD2QTC4X2EAZ4ZEZ3ASRXQA,1,0,1
AV7TR4WBV5DMP34KJR56YUOZD73KWSM6HH7OWB5Y7S5PRN2IG7QPS3FQKY,1,0,1
7NYQJ5NAP3PUQMQVP6LX3D5ZAISZQ67UEFQB76AX7WI3P75HVOVRGWGOZU,1,0,1
GVQ7KOK53GKHEIQDQ43OISSB6AR4QGL4S5IK636EO3KBTUEXA63HXBVSYI,1,0,1
YTXOKBUO7HCS5QBM5R4DKILDBFO6SN7CYJQHM6ECE3DBNAYY6GNAEVRJSY,1,0,1
XFCZEMYFV2KZ3SY4QEF4JMCT6XJKVAU2QHQYTP4PA7STUOJD53IIXTX6ZM,0,1,1
H7VUO2E3F74L3FR4DP4AO4OC3GDZ3CD7DY6Z56UMKJVTIE7HUNPFVZMJ2I,0,1,1
FNTVURLGNYXOSFJOOJCXVTIK74BGD3WX5LTWGKQK56YGXPEGVSI5BFUYDI,0,1,1
XX7OGZWKSPE3OTKX5AGNEEUI5UVYVIAFWSSQOATYB2IFHTSRWQG26ACQZM,0,1,1
QUTJJUWZA5QJP6SRXIEITZH6Y6XZZH7EZPDDUG5BSA5OZYPAZQHHEO6FCY,0,1,1
WSD5LBW2VUV4JUIUO4FL7PKKKL3FSHKLW6LG5GYA6O6MPWY6KOYMM3TIRY,0,1,1
7WVMI3C5445KNHWWXEO24JDRMW2WCYB2CX4ZTXO32VJNHE4PWGZJGKKGQM,0,1,1
75DVGBUBWTIPQ43VARDDRLECHOLPYSZQTLDB35TFCTK54YKSIHZQ2HMFOM,0,1,1
W3QNXMXI7HMYQH4ZYXDRILGXRUMYTYUAKFKNZWOSBU62IFYJ24WXGQOLGQ,0,1,1
TIMU2I3CACQFX6NXGXU2EFJB7PEYFTGAO6M6BR62E5MLKR4PVDDONXJGRM,0,1,1
ZZ33E7FV5POGBZWMADNQSZT6I6PXRDTUAWEDGDYPFJDTZMOQZW7PJNVORE,0,1,1
P6UULQGZEVYPQIHIFIY3Y3SEK6NUVPB3CIOMJEKTUILAHNGZ3COCBJJSYE,0,1,1
DC57LKUSN2WGAH6MRJEO4YBP2GXW6HCX36XFAINHHXVONDSBLDB5RVBUDY,0,1,1
YOUQM34GKQTSS5326E2AX2GCAQV77ATEGUH6DPIYYB66IKEDEBDVUY7XBE,0,1,1
LFQ2MPE6SRUYDOX2SL5VFPH57LKLOE457UA6UQYVVCGTYS4PH3TX7S35QQ,0,1,1